160353061
164435295
39440686
56157367
37539921
37279506
124761258
173877195
36545069
17814233
90905274
13596741
49342408
102464815
87183656
60791545
44630997
87466876
6440625
122260971
35011911
127781852
59434349
15315570
101897396
12652954
35240186
139966435
83731368
17078821
18126162
104095377
99355108
47342299
5723377
39976070
30531884
5453577
52292869
6997697
146270110
57862593
142612605
122179715
30177673
51887684
13449088
16914371
83302536
52813831
115151159
14253026
51488381
161111880
158913288
88541066
62733844
15359780
165170695
189265710
140586556
48692965
47221625
79563508
26162185
78723988
30243880
156050946
102569347
6125075
15754379
58379868
28274311
177494337
73078143
72501111
81136205
112050181
105437880
176694016
167855773
32132900
51858226
21621644
61118427
86519707
105437897
71672891
150016662
57897810
119720873
52582912
12250209
41304808
42375343
79599836
11572052
37795437
121872194
88413599
16331874
67773567
5881845
117101673
34528655
8237697
71916076
33687537
65615017
165683859
61110098
160365657
113705743
31684657
85422382
26883784
115726434
5202100
73237085
191671735
210948064
79013059
77337170
132732880
202180702
80236893
45738064
43891341
72633367
175602554
88265052
34579122
154073408
92496521
25674516
11472116
57068675
167439495
111998292
39213536
94856439
69766826
82768676
102156009
13218310
87180154
16132362
141626593
78045362
79803758
44202206
87157700
5504719
125560811
48714769
29056054
89350081
138396070
87666253
92752129
49113946
140832386
87748551
69760889
39317952
82394419
82946136
68950445
140385093
120245412
186659530
80150639
172377949
79411892
20284582
150415770
21827077
107628314
79575081
50222209
47679381
60596180
93263906
120252715
114290844
3846994
8179766
51189797
31287678
85251719
207423074
55681462
27828739
40504099
79085804
32415506
107878745
135851549
108867568
21584926
31499893
46206932
33287171
91494435
38793697
82065257
135262405
43119301
22407989
18735075
145305463
48948834
17339545
137247015
15186524
113752361
124471668
84244264
121409401
104145783
48140280
41603444
81227576
150377926
6553484
44261482
101099749
150540674
27524974
132513014
17787862
60508609
83043928
174617608
14350667
38025021
125342562
164418411
138099429
20889419
50030955
55264746
110332451
86378053
113732743
51404287
122840393
93206879
23261750
99570011
84305193
112211164
81752015
75868559
98473127
99613905
54638351
111955619
28636233
27741144
107007660
11212557
32848966
93785955
46128227
65685201
100337156
11462283
115102684
20553308
22297367
43034228
25622709
7755519
87854211
84600970
21981360
141142521
127796911
150719164
6890692
15622968
143152047
32186292
120609033
31872192
93256831
114652645
119878798
68923347
44591682
4741897
12036342
47176580
158514637
25079883
69280420
79161861
109081608
105292075
153502042
51777014
65195122
204779871
171359104
151854426
188372929
91816066
132113883
28825621
6358688
32845255
22124629
161111077
26103425
109745612
87609959
116853498
136329556
62896626
125542101
4226131
34082845
29729100
186488532
11036589
138914419
12440952
177470878
79648967
171498816
90337435
115686158
18941117
82840213
52455096
32834404
140578608
162816112
116348457
24699514
32606704
29480902
48503676
68599350
43553118
37607048
97256458
116013712
100318357
82292297
50331043
8522732
31962073
100773119
23711621
70850196
64824810
109709438
143046947
48099838
83187201
12277242
108811464
64318681
63894251
62242392
37183700
38271099
87342044
15745000
100794815
85934457
69827263
