145639344
65567437
4950471
45927148
25876977
6440625
70869596
13551779
11375907
7093106
39440686
113738160
102564431
37031015
49342408
104311881
121409401
26848806
87166411
26895440
14253026
180557632
16818398
64650138
23398116
5664915
99056337
102873996
62360078
27963033
29235507
77010174
37789043
115396060
12036342
57648891
41799875
16967264
81752015
55879494
12599458
84843431
94760728
34740575
68923347
165170695
127110155
33891711
80603380
94856439
37290644
102156009
101318782
25180583
196221725
6125075
41111332
48870186
83123955
174832791
114268863
80234590
106475899
126563478
143046947
71101582
16196830
15485245
84970171
148361295
47794924
89474839
83231080
89647570
36737417
66513032
79824171
183815115
43440639
6553484
172666321
22989961
22088220
77870193
106942281
124723123
92004272
26489889
25727494
7369944
16960795
182937521
124428426
97571490
12440952
91267448
86017839
114467988
42664643
28013965
188679067
37025741
107652022
81991473
23949506
46466274
91110070
28636233
124533247
44437364
38225890
51764950
69772199
147819826
36360991
20138690
92210304
82172301
81852726
31385008
57173603
63215444
77124575
23571275
12393564
21628563
